1.0 0.0 0.0 0.0 0.0 1.0 0.0 0.0 0.0 0.0 1.0 0.0
0.999991298 -0.002752972 -0.003134842 -0.000221766 0.002746711 0.999994218 -0.001999810 -0.000366971 0.003140329 0.001991182 0.999993086 0.038323861
0.999974489 -0.001355166 -0.007013055 -0.000842907 0.001330469 0.999992907 -0.003525014 -0.000550528 0.007017782 0.003515593 0.999969184 0.077266239
0.999940217 -0.001388709 -0.010846097 -0.001566717 0.001333258 0.999985993 -0.005118144 -0.000644969 0.010853053 0.005103378 0.999928057 0.117052905
0.999867260 -0.000079588 -0.016292382 -0.002211401 -0.000015342 0.999983013 -0.005826432 -0.000813334 0.016292568 0.005825909 0.999850273 0.161652714
0.999801517 -0.000856136 -0.019904712 -0.003637043 0.000736965 0.999981761 -0.005993638 -0.001472108 0.019909481 0.005977779 0.999783933 0.199180663
0.999704957 0.000758316 -0.024278665 -0.005395802 -0.000927239 0.999975443 -0.006947182 -0.002341058 0.024272801 0.006967644 0.999681115 0.244848356
0.999575436 0.003449421 -0.028932463 -0.006977619 -0.003671274 0.999964237 -0.007618322 -0.002654415 0.028905150 0.007721306 0.999552310 0.284681350
0.999426842 0.003811967 -0.033637900 -0.008562232 -0.004021158 0.999972999 -0.006153464 -0.003089866 0.033613533 0.006285200 0.999415159 0.331898242
0.999288976 0.002886007 -0.037592180 -0.010508518 -0.003011294 0.999990106 -0.003276604 -0.003600290 0.037582353 0.003387475 0.999287784 0.373766214
0.999160707 0.002263725 -0.040899362 -0.012868880 -0.002286065 0.999997258 -0.000499471 -0.004201832 0.040898122 0.000592551 0.999163151 0.421287298
0.999056339 0.003901826 -0.043257777 -0.015173736 -0.003946092 0.999991775 -0.000937975 -0.004881341 0.043253761 0.001107789 0.999063492 0.464568257
0.998964667 0.003232058 -0.045378082 -0.017662317 -0.003270681 0.999994338 -0.000776900 -0.005562318 0.045375314 0.000924513 0.998969555 0.512889862
0.998890162 0.000301851 -0.047098927 -0.019968878 -0.000375566 0.999998689 -0.001556283 -0.005709098 0.047098394 0.001572245 0.998889029 0.561916530
0.998778403 -0.000051209 -0.049413141 -0.022007193 0.000011046 0.999999642 -0.000813076 -0.005917202 0.049413163 0.000811537 0.998778105 0.605414152
0.998709142 -0.001641186 -0.050767895 -0.024464976 0.001582716 0.999998033 -0.001191897 -0.006260386 0.050769754 0.001110007 0.998709738 0.653650641
0.998617291 0.000456846 -0.052566886 -0.027362291 -0.000625158 0.999994755 -0.003185452 -0.006994608 0.052565154 0.003213910 0.998612344 0.701786399
0.998552024 0.000971768 -0.053785995 -0.030332675 -0.001301210 0.999980628 -0.006090356 -0.007276887 0.053779032 0.006151523 0.998533905 0.750689149
0.998436749 0.005126078 -0.055657372 -0.033639975 -0.005578624 0.999952614 -0.007978591 -0.007809526 0.055613834 0.008276611 0.998418033 0.801614285
0.998384297 0.005742799 -0.056531243 -0.037057139 -0.006163070 0.999954641 -0.007262764 -0.008687592 0.056486968 0.007599436 0.998374403 0.850310862
0.998314440 0.005133209 -0.057809260 -0.040022884 -0.005447421 0.999971211 -0.005279044 -0.009891764 0.057780497 0.005585058 0.998313665 0.900608778
0.998216450 0.006124160 -0.059383977 -0.042979982 -0.006386289 0.999970675 -0.004225357 -0.010249908 0.059356362 0.004597064 0.998226285 0.953116357
0.998155236 0.005346409 -0.060477678 -0.046176143 -0.005600403 0.999976218 -0.004031068 -0.011085820 0.060454689 0.004362331 0.998161435 1.002733946
0.998028696 0.004917150 -0.062566318 -0.049106091 -0.005212289 0.999976039 -0.004554880 -0.012064055 0.062542424 0.004872015 0.998030424 1.055643797
0.998014867 0.003424573 -0.062885143 -0.052928474 -0.003800964 0.999975562 -0.005866717 -0.012155830 0.062863514 0.006094095 0.998003542 1.105972886
0.997928441 0.003463967 -0.064240679 -0.055793565 -0.003729679 0.999984980 -0.004016731 -0.012811076 0.064225800 0.004248007 0.997926354 1.159708023
0.997995377 0.004864935 -0.063099414 -0.060618907 -0.004907207 0.999987841 -0.000514966 -0.013792156 0.063096136 0.000823575 0.998007119 1.211516619
0.998037457 0.005693718 -0.062360048 -0.064001948 -0.005507686 0.999979854 0.003154691 -0.014417645 0.062376756 -0.002805041 0.998048723 1.265927196
0.998144209 0.004628680 -0.060717903 -0.067217253 -0.004270016 0.999972641 0.006035473 -0.014817615 0.060744181 -0.005765006 0.998136699 1.317748785
0.998242915 0.005754536 -0.058973983 -0.071216606 -0.005389418 0.999965310 0.006348351 -0.014403716 0.059008472 -0.006019360 0.998239338 1.372215509
0.998337567 0.005201488 -0.057402693 -0.074053295 -0.004976645 0.999979377 0.004059203 -0.015478921 0.057422623 -0.003766782 0.998342872 1.424937725
0.998390436 0.006255677 -0.056368507 -0.077413961 -0.006295550 0.999980032 -0.000529820 -0.015892673 0.056364067 0.000883838 0.998409867 1.479071736
0.998457372 0.005326714 -0.055267803 -0.080683209 -0.005537895 0.999977946 -0.003668589 -0.016352270 0.055247042 0.003968997 0.998464823 1.534042478
0.998511374 0.003267367 -0.054445744 -0.083575733 -0.003416160 0.999990702 -0.002640021 -0.017035780 0.054436609 0.002822086 0.998513222 1.588465810
0.998496830 0.001114247 -0.054798119 -0.086509719 -0.000988120 0.999996781 0.002328713 -0.017485885 0.054800536 -0.002271065 0.998494744 1.644479990
0.998433113 -0.002344704 -0.055909321 -0.089123771 0.002648826 0.999982119 0.005366072 -0.017820653 0.055895738 -0.005505758 0.998421431 1.700768352
0.998348832 -0.008960883 -0.056739051 -0.091902576 0.009253519 0.999945223 0.004896940 -0.018654190 0.056692060 -0.005413890 0.998377025 1.755806923
0.998193562 -0.010900213 -0.059083447 -0.093696013 0.010952556 0.999939859 0.000562128 -0.018459821 0.059073765 -0.001208227 0.998252869 1.812050700
0.998138964 -0.011701957 -0.059847165 -0.098369561 0.011563334 0.999929607 -0.002662113 -0.019276150 0.059874102 0.001965126 0.998203993 1.867299080
0.998062134 -0.010523803 -0.061328463 -0.102877066 0.010347978 0.999941409 -0.003183845 -0.019974606 0.061358377 0.002543049 0.998112559 1.923271060
0.997971416 -0.010836658 -0.062734798 -0.106156640 0.010705987 0.999939740 -0.002418692 -0.019804416 0.062757231 0.001742148 0.998027325 1.980949402
0.997917175 -0.007888039 -0.064024597 -0.110027567 0.007937725 0.999968350 0.000521704 -0.020533048 0.064018458 -0.001028826 0.997948170 2.037632942
0.997838080 -0.007670187 -0.065270975 -0.113865733 0.007835126 0.999966741 0.002271388 -0.021737112 0.065251380 -0.002777884 0.997864962 2.094869375
0.997809231 -0.005940649 -0.065889962 -0.118273102 0.006237746 0.999971271 0.004304186 -0.021716764 0.065862499 -0.004705762 0.997817636 2.151719093
0.997789979 -0.006284491 -0.066148512 -0.122002691 0.006796787 0.999948621 0.007522447 -0.022323590 0.066097841 -0.007955420 0.997781456 2.210198164
0.997782409 0.000280841 -0.066559665 -0.126204282 0.000355628 0.999954343 0.009550343 -0.022564162 0.066559307 -0.009552835 0.997736752 2.266549826
0.997774899 -0.000564784 -0.066670202 -0.130599767 0.001171044 0.999958336 0.009054683 -0.022670062 0.066662312 -0.009112610 0.997734010 2.323621511
0.997773230 -0.000517048 -0.066695422 -0.134091854 0.001033226 0.999969780 0.007705071 -0.023143755 0.066689424 -0.007756826 0.997743607 2.379607916
0.997776210 0.001935567 -0.066625342 -0.138745874 -0.001601664 0.999985874 0.005064704 -0.023216516 0.066634208 -0.004946730 0.997765183 2.436729908
0.997686684 0.001566483 -0.067961916 -0.142435282 -0.001210334 0.999985337 0.005281281 -0.023779085 0.067969196 -0.005186807 0.997673929 2.493569613
0.997645199 0.000066399 -0.068586342 -0.147098467 0.000324464 0.999983788 0.005687688 -0.023826424 0.068585604 -0.005696549 0.997628987 2.549954176
0.997556388 0.000039618 -0.069866262 -0.150451303 0.000492672 0.999970973 0.007601446 -0.024807908 0.069864534 -0.007617292 0.997527421 2.605799913
0.997563064 0.002543571 -0.069724165 -0.155121312 -0.002288054 0.999990344 0.003744306 -0.024924578 0.069733016 -0.003575649 0.997559309 2.660802364
0.997463465 0.002624412 -0.071132109 -0.158728063 -0.002641675 0.999996483 -0.000148621 -0.025680749 0.071131468 0.000336152 0.997466922 2.716721058
0.997409701 0.003920604 -0.071823083 -0.162745729 -0.004046320 0.999990523 -0.001604945 -0.026279077 0.071816109 0.001891407 0.997416079 2.772212982
0.997412562 0.002444630 -0.071848221 -0.166915908 -0.002322512 0.999995708 0.001783163 -0.027062966 0.071852274 -0.001611681 0.997413993 2.826916933
0.997409344 0.000469104 -0.071932800 -0.170803308 -0.000116060 0.999987900 0.004912072 -0.027377978 0.071934238 -0.004890998 0.997397363 2.882952690
0.997384906 -0.001731940 -0.072251946 -0.174727663 0.002162525 0.999980390 0.005881685 -0.028152417 0.072240345 -0.006022550 0.997369051 2.937941790
0.997391105 -0.004940126 -0.072018132 -0.178854868 0.005312833 0.999973476 0.004984547 -0.028909313 0.071991600 -0.005354163 0.997390866 2.991939306
0.997304618 -0.007581073 -0.072979510 -0.182327658 0.007842171 0.999963820 0.003291806 -0.029238328 0.072951920 -0.003855251 0.997327983 3.047091484
0.997225165 -0.009057685 -0.073891617 -0.186382085 0.009419699 0.999945283 0.004552233 -0.029836262 0.073846340 -0.005235638 0.997255862 3.100719213
0.997093439 -0.012474654 -0.075160019 -0.190198466 0.013164299 0.999875605 0.008687236 -0.030028453 0.075042300 -0.009651415 0.997133672 3.155642986
0.997102439 -0.012554895 -0.075027719 -0.194649562 0.013631341 0.999811113 0.013852471 -0.030584401 0.074839637 -0.014835061 0.997085214 3.208358049
0.997031450 -0.011470131 -0.076135896 -0.198766619 0.012730275 0.999789536 0.016086610 -0.030512132 0.075935356 -0.017008089 0.996967673 3.263860703
0.996923864 -0.010472799 -0.077673480 -0.202735364 0.011459981 0.999858975 0.012274544 -0.030852681 0.077533983 -0.013126922 0.996903300 3.316447020
0.996858299 -0.008411277 -0.078758039 -0.207596347 0.008771477 0.999952614 0.004228673 -0.031003691 0.078718737 -0.004906212 0.996884763 3.369445324
0.996777534 -0.007195698 -0.079892524 -0.211601406 0.007158537 0.999974072 -0.000751539 -0.031346790 0.079895861 0.000177204 0.996803224 3.420559883
0.996720791 -0.002365903 -0.080882721 -0.216671735 0.002414073 0.999996960 0.000497773 -0.032271788 0.080881298 -0.000691398 0.996723473 3.473392248
0.996652067 0.000121195 -0.081759833 -0.221343234 0.000116974 0.999995768 0.002908235 -0.033084463 0.081759833 -0.002908062 0.996647835 3.524142742
0.996559381 0.002687493 -0.082838461 -0.225806072 -0.002330394 0.999987602 0.004407177 -0.033770658 0.082849279 -0.004198967 0.996553242 3.574095011
0.996483624 0.003592389 -0.083710991 -0.230355635 -0.003259817 0.999986231 0.004109201 -0.034400474 0.083724596 -0.003821869 0.996481597 3.623055935
0.996332943 0.005190808 -0.085403115 -0.234786153 -0.004777083 0.999975860 0.005048035 -0.034863062 0.085427254 -0.004621546 0.996333718 3.671694279
0.996231437 0.006193695 -0.086513169 -0.239359692 -0.005718082 0.999967158 0.005744309 -0.035720240 0.086545907 -0.005227971 0.996234119 3.719121218
0.996090531 0.006013938 -0.088133119 -0.243454844 -0.005484508 0.999965429 0.006248082 -0.036249112 0.088167645 -0.005740288 0.996089101 3.765816927
0.995983005 0.005671480 -0.089363016 -0.247817829 -0.005059259 0.999962151 0.007075966 -0.036524016 0.089399762 -0.006595431 0.995974004 3.812249899
0.995859385 0.008657272 -0.090493850 -0.252467692 -0.007782229 0.999919534 0.010018024 -0.037095811 0.090573296 -0.009272299 0.995846629 3.857482910
0.995736063 0.009989654 -0.091705523 -0.256847858 -0.008742980 0.999863982 0.013986018 -0.037188802 0.091832764 -0.013124602 0.995687962 3.902252197
0.995559335 0.013432916 -0.093172632 -0.261556059 -0.012033644 0.999806464 0.015563690 -0.037296172 0.093363665 -0.014373370 0.995528340 3.945824146
0.995403707 0.016058328 -0.094411597 -0.266072392 -0.015037047 0.999820590 0.011518858 -0.037683655 0.094579630 -0.010046243 0.995466590 3.988355398
0.995276690 0.015782556 -0.095787220 -0.270328939 -0.015433749 0.999871314 0.004381311 -0.038279895 0.095844045 -0.002882261 0.995392203 4.029095173
0.995165110 0.014941612 -0.097072870 -0.274605215 -0.015157523 0.999884009 -0.001487106 -0.038623556 0.097039394 0.002951300 0.995276153 4.069932461
0.995108783 0.015861316 -0.097503319 -0.278604597 -0.016193379 0.999865472 -0.002615196 -0.039223500 0.097448722 0.004181312 0.995231748 4.108689785
0.995004177 0.018626910 -0.098080389 -0.283434242 -0.018633438 0.999826014 0.000849525 -0.039574075 0.098079152 0.000982294 0.995178103 4.147775650
0.994841635 0.019079437 -0.099629767 -0.286961496 -0.018855060 0.999817133 0.003193326 -0.040612828 0.099672474 -0.001298329 0.995019436 4.184609890
0.994813859 0.015790170 -0.100479215 -0.290732324 -0.015865967 0.999874115 0.000044766 -0.041377954 0.100467272 0.001549666 0.994939148 4.221038342
0.994910419 0.007972891 -0.100447245 -0.293629974 -0.008559625 0.999948740 -0.005411582 -0.041727737 0.100398950 0.006243830 0.994927645 4.255490780
0.995010316 0.003922337 -0.099694774 -0.296552211 -0.004938740 0.999938309 -0.009950393 -0.042755894 0.099649593 0.010393110 0.994968295 4.289578438
0.995365858 0.006056393 -0.095969252 -0.300581843 -0.007109011 0.999918222 -0.010630159 -0.042924557 0.095897026 0.011263143 0.995327532 4.322408676
0.995687664 0.011345068 -0.092072770 -0.303841561 -0.012072513 0.999900103 -0.007347633 -0.043986738 0.091980211 0.008427497 0.995725155 4.354966164
0.996149957 0.009855751 -0.087109573 -0.306645840 -0.010220685 0.999940753 -0.003744351 -0.045096472 0.087067507 0.004620255 0.996191680 4.386387825
0.996617436 0.005960462 -0.081964076 -0.308162123 -0.005999063 0.999981999 -0.000224689 -0.045179285 0.081961259 0.000715637 0.996635258 4.417530060
0.997284412 0.001428926 -0.073632643 -0.310039043 -0.001196479 0.999994159 0.003200859 -0.045856062 0.073636785 -0.003104067 0.997280300 4.447721481
0.998011649 0.005109380 -0.062822424 -0.311849833 -0.004921655 0.999982953 0.003142579 -0.046454173 0.062837414 -0.002827140 0.998019755 4.476945400
0.998806655 0.010204270 -0.047760911 -0.313261509 -0.010079824 0.999945164 0.002845730 -0.046870757 0.047787331 -0.002360912 0.998854756 4.505304337
0.999443471 0.015418869 -0.029580535 -0.314053625 -0.015327809 0.999877095 0.003302687 -0.047076259 0.029627822 -0.002847444 0.999556959 4.533413887
0.999875605 0.013970545 -0.007323663 -0.313488066 -0.013941484 0.999894798 0.004004352 -0.047569159 0.007378835 -0.003901751 0.999965191 4.560643196
0.999771535 0.010503002 0.018617239 -0.311491042 -0.010587052 0.999934196 0.004421753 -0.047442302 -0.018569572 -0.004617844 0.999816895 4.587328434
0.998793125 0.009390241 0.048208732 -0.309109658 -0.009701326 0.999933600 0.006222940 -0.048064403 -0.048147094 -0.006683118 0.998817921 4.613124371
0.996615410 0.008831275 0.081729323 -0.306218356 -0.009467807 0.999927759 0.007404023 -0.048245572 -0.081658036 -0.008152761 0.996627033 4.638782978
0.992836297 0.008556637 0.119175941 -0.301825374 -0.009647894 0.999916613 0.008582733 -0.049064860 -0.119092561 -0.009671045 0.992836058 4.663513184
0.986979425 0.008517899 0.160620704 -0.296096146 -0.009980340 0.999915719 0.008300355 -0.049174678 -0.160536483 -0.009795329 0.986981332 4.688069344
0.978583872 0.008754123 0.205662310 -0.290105760 -0.010649375 0.999910414 0.008110225 -0.049268674 -0.205572888 -0.010126711 0.978589416 4.710734367
0.966904581 0.011269970 0.254889280 -0.282941818 -0.013153353 0.999897301 0.005685702 -0.049405493 -0.254799038 -0.008850180 0.966953516 4.733424664
0.951505423 0.011793399 0.307405800 -0.273863971 -0.013593593 0.999900699 0.003715446 -0.050603371 -0.307331443 -0.007714016 0.951571286 4.754825592
0.931624711 0.011968647 0.363224685 -0.263755471 -0.013509049 0.999907315 0.001700949 -0.051072679 -0.363170683 -0.006491466 0.931699991 4.775619507
0.907282948 0.012724162 0.420328200 -0.252352774 -0.013807829 0.999904573 -0.000464731 -0.051160190 -0.420293987 -0.005382177 0.907371998 4.795761108
0.877928138 0.013115384 0.478612721 -0.240358621 -0.013698124 0.999903619 -0.002273550 -0.051629800 -0.478596389 -0.004560083 0.878023148 4.814363480
0.844555378 0.011812009 0.535337865 -0.226046056 -0.010774636 0.999929130 -0.005064829 -0.051621899 -0.535359800 -0.001490542 0.844622850 4.832269192
0.807744563 0.011497050 0.589420557 -0.211043954 -0.009799670 0.999933541 -0.006074872 -0.052305594 -0.589451194 -0.000869182 0.807803512 4.848582745
0.768034220 0.010304457 0.640325963 -0.195127010 -0.008815348 0.999945939 -0.005518144 -0.052622173 -0.640348196 -0.001406573 0.768083513 4.863880157
0.725247145 0.010089686 0.688414693 -0.178490460 -0.010148828 0.999940634 -0.003963714 -0.052744079 -0.688413858 -0.004111930 0.725306511 4.878304482
0.680196881 0.009142830 0.732972443 -0.160786271 -0.009339469 0.999949157 -0.003805992 -0.053074628 -0.732969940 -0.004256750 0.680247664 4.891359329
0.633587301 0.007673559 0.773633182 -0.142496467 -0.005958951 0.999969542 -0.005038318 -0.053626023 -0.773648322 -0.001417828 0.633613706 4.903108597
0.586688161 0.005430731 0.809794784 -0.123439431 -0.000607553 0.999980211 -0.006266006 -0.053965990 -0.809812784 0.003184199 0.586679816 4.913702488
0.540097356 0.007300739 0.841570854 -0.104126453 -0.002438883 0.999971747 -0.007109679 -0.054639347 -0.841598988 0.001787425 0.540099919 4.923568726
0.492497325 0.010644811 0.870248914 -0.084652424 -0.006596332 0.999942124 -0.008498167 -0.054986469 -0.870289028 -0.001555125 0.492539048 4.932929039
0.446821332 0.012689121 0.894533217 -0.064731836 -0.007619773 0.999917090 -0.010377918 -0.055651560 -0.894590795 -0.002179064 0.446880996 4.941059113
0.404264629 0.010094728 0.914586484 -0.044207335 0.000007727 0.999939084 -0.011040223 -0.055993434 -0.914642155 0.004470239 0.404239893 4.947753906
0.364976406 0.002257945 0.931014121 -0.022863626 0.015326872 0.999846995 -0.008433328 -0.056345005 -0.930890679 0.017347500 0.364885926 4.952764988
0.329876959 -0.001012503 0.944023430 -0.001107693 0.019361600 0.999796331 -0.005693344 -0.056458324 -0.943825424 0.020155907 0.329829335 4.958190441
0.296573043 0.003202751 0.955004811 0.020358801 0.016620379 0.999825597 -0.008514458 -0.056842491 -0.954865575 0.018397700 0.296468079 4.963952065
0.265260756 0.010675984 0.964117706 0.042174101 0.006037663 0.999900699 -0.012733385 -0.057722826 -0.964157879 0.009198685 0.265169919 4.969952106
0.236814141 0.014998138 0.971439183 0.064456701 0.001293201 0.999875069 -0.015752414 -0.058610938 -0.971554101 0.004986660 0.236765146 4.974947453
0.211002231 0.016756415 0.977341950 0.087519646 0.001949489 0.999843836 -0.017563092 -0.059580185 -0.977483630 0.005611169 0.210936606 4.978799343
0.187896013 0.018217528 0.982019961 0.111436367 0.009781717 0.999743700 -0.020417921 -0.060128435 -0.982140183 0.013442288 0.187669635 4.981764317
0.167870641 0.024483377 0.985504985 0.135827780 0.016611220 0.999479353 -0.027660102 -0.060197089 -0.985669136 0.021013761 0.167376578 4.984327316
0.148291469 0.031087186 0.988454998 0.160502911 0.018285118 0.999248743 -0.034169853 -0.060441703 -0.988774657 0.023141114 0.147611618 4.986987114
0.130481064 0.031910308 0.990937173 0.186738491 0.016091079 0.999282122 -0.034297816 -0.061191335 -0.991320252 0.020420464 0.129873931 4.990425587
0.115174592 0.027447194 0.992966056 0.213840485 0.014550179 0.999464333 -0.029314501 -0.062490873 -0.993238747 0.017824121 0.114713550 4.993131638
0.100660801 0.024201572 0.994626403 0.242016792 0.014547054 0.999561429 -0.025793882 -0.063890904 -0.994814456 0.017065316 0.100264549 4.995551109
0.087315142 0.021785934 0.995942593 0.271317959 0.016692143 0.999588490 -0.023329105 -0.064834610 -0.996041000 0.018661402 0.086915553 4.997674942
0.075698555 0.021143723 0.996906579 0.300888062 0.020590007 0.999528825 -0.022762811 -0.065632902 -0.996918142 0.022249425 0.075227499 4.999189854
0.065357864 0.021796560 0.997623920 0.331655502 0.023559174 0.999449015 -0.023379887 -0.066550866 -0.997583866 0.025031254 0.064808309 5.000810623
0.057757556 0.022357384 0.998080313 0.363364697 0.025695333 0.999384701 -0.023873560 -0.067381412 -0.997999966 0.027024884 0.057147503 5.002174377
0.052219987 0.022591325 0.998380065 0.396193027 0.027497305 0.999332488 -0.024051117 -0.068353772 -0.998256981 0.028708709 0.051563919 5.003466606
0.046623528 0.023856381 0.998627603 0.429932117 0.028479775 0.999276638 -0.025201539 -0.069129035 -0.998506486 0.029615676 0.045910418 5.004850864
0.040807784 0.024387117 0.998869479 0.464945316 0.029496651 0.999237001 -0.025601152 -0.070292830 -0.998731673 0.030508030 0.040057302 5.006001949
0.036462367 0.024484627 0.999035001 0.501145840 0.031519204 0.999174237 -0.025638413 -0.071376219 -0.998837829 0.032423627 0.035660505 5.006942272
0.033461690 0.024543591 0.999138594 0.538395405 0.033369027 0.999113619 -0.025660524 -0.072253644 -0.998882830 0.034198925 0.032613039 5.008133888
0.030194223 0.024003498 0.999255896 0.576665401 0.033818915 0.999114692 -0.025022011 -0.073437177 -0.998971879 0.034549270 0.029355764 5.009461880
0.027832925 0.023339787 0.999340117 0.616055489 0.035566099 0.999071240 -0.024324074 -0.074764691 -0.998979747 0.036219638 0.026977003 5.010257244
0.027574539 0.022607993 0.999364138 0.656472206 0.040794987 0.998885870 -0.023722798 -0.076216593 -0.998787045 0.041423190 0.026621521 5.010670185
0.028307319 0.022619387 0.999343336 0.698111534 0.043653347 0.998762190 -0.023842756 -0.076942712 -0.998645663 0.044299606 0.027284920 5.011596680
0.030881047 0.022628490 0.999266982 0.740272999 0.045551609 0.998673081 -0.024022760 -0.078253239 -0.998484671 0.046260066 0.029809296 5.012446880
0.034583926 0.022935325 0.999138713 0.784443378 0.047405872 0.998573661 -0.024563259 -0.079155713 -0.998276949 0.048214536 0.033447325 5.014291763
0.038832128 0.022002604 0.999003649 0.828596830 0.047910307 0.998566747 -0.023855306 -0.080788322 -0.998096645 0.048788920 0.037722290 5.016191006
0.042862117 0.020651948 0.998867631 0.874225855 0.049117688 0.998533785 -0.022752730 -0.081862681 -0.997873008 0.050037298 0.041784883 5.018098831
0.047080457 0.019014701 0.998710215 0.920905352 0.049032450 0.998569548 -0.021323485 -0.083192609 -0.997687042 0.049973127 0.046080768 5.020228863
0.051001072 0.016979782 0.998554289 0.967733622 0.046461947 0.998732507 -0.019355856 -0.084250882 -0.997617245 0.047381945 0.050147474 5.023086071
0.055565238 0.015807612 0.998329937 1.014997959 0.045523677 0.998794734 -0.018348740 -0.085860096 -0.997416735 0.046467204 0.054778636 5.025209427
0.058804929 0.016733451 0.998129368 1.063280582 0.041773271 0.998942435 -0.019208170 -0.087592199 -0.997395217 0.042824663 0.058043718 5.029538155
0.062084496 0.020614306 0.997857988 1.111690521 0.039921280 0.998935282 -0.023120372 -0.089072987 -0.997272193 0.041271187 0.061195433 5.032778740
0.063285232 0.025888486 0.997659624 1.160363197 0.033969309 0.999028385 -0.028078802 -0.090863034 -0.997417212 0.035666786 0.062344313 5.036606789
0.062975407 0.028894203 0.997596800 1.209159374 0.031181896 0.999035835 -0.030904314 -0.092559107 -0.997527957 0.033053175 0.062013745 5.040111065
0.063648343 0.028587084 0.997562885 1.258531094 0.029148970 0.999109924 -0.030491235 -0.094344929 -0.997546613 0.031018646 0.062758386 5.043371201
0.063674510 0.027026217 0.997604728 1.307977200 0.026751921 0.999227762 -0.028777694 -0.096043363 -0.997612178 0.028520249 0.062902331 5.046718597
0.063258886 0.025645379 0.997667551 1.356536627 0.027274247 0.999251962 -0.027415477 -0.098477311 -0.997624397 0.028944904 0.062512100 5.050199986
0.063464820 0.024964018 0.997671843 1.405471325 0.024417082 0.999348998 -0.026559228 -0.100441575 -0.997685373 0.026045812 0.062813938 5.054067612
0.063466311 0.025187422 0.997666180 1.454473257 0.023285072 0.999371946 -0.026711766 -0.102517888 -0.997712433 0.024926027 0.062839925 5.057777882
0.063510776 0.025944190 0.997643888 1.503471136 0.019953759 0.999429166 -0.027260890 -0.104443312 -0.997781694 0.021638107 0.062956870 5.061419487
0.062162757 0.027065966 0.997698963 1.551608086 0.016925212 0.999459922 -0.028168283 -0.106509134 -0.997922480 0.018637285 0.061671078 5.065082550
0.059372067 0.027009504 0.997870505 1.600203037 0.014527408 0.999504626 -0.027918100 -0.108143762 -0.998130262 0.016154027 0.058950245 5.068440437
0.055229664 0.025520425 0.998147428 1.648504496 0.011514862 0.999590516 -0.026194463 -0.110354766 -0.998407245 0.012940243 0.054913163 5.071631908
0.050624073 0.023086274 0.998450935 1.696756124 0.009522000 0.999676168 -0.023597395 -0.112227768 -0.998672426 0.010701848 0.050387859 5.073980331
0.044020891 0.021197874 0.998805702 1.746119976 0.007478419 0.999739885 -0.021547299 -0.113827296 -0.999002635 0.008418018 0.043850899 5.076936722
0.037280262 0.021239055 0.999079227 1.793412685 0.006470876 0.999747992 -0.021494733 -0.116094060 -0.999284029 0.007266249 0.037133455 5.077874660
0.027843416 0.022564765 0.999357581 1.841970682 0.006882079 0.999717176 -0.022764629 -0.117333859 -0.999588609 0.007511504 0.027680278 5.080345154
0.017285705 0.023571856 0.999572694 1.889165401 0.006564935 0.999697864 -0.023688337 -0.118487440 -0.999829054 0.006971601 0.017125726 5.081421375
0.007892966 0.021909570 0.999728858 1.937224388 0.008390924 0.999723315 -0.021975698 -0.120721236 -0.999933660 0.008562102 0.007706940 5.081457138
-0.003196597 0.021116255 0.999771953 1.984432697 0.007115540 0.999752223 -0.021093087 -0.122298777 -0.999969602 0.007046491 -0.003346086 5.081478119
-0.014333844 0.020514837 0.999686837 2.031636715 0.008792672 0.999753416 -0.020390131 -0.123567984 -0.999858618 0.008497648 -0.014510751 5.080939293
-0.025074482 0.020679185 0.999471843 2.078251839 0.008582950 0.999753654 -0.020469693 -0.125310138 -0.999648929 0.008065154 -0.025245786 5.079285145
-0.036144614 0.021139938 0.999122918 2.124472380 0.009257376 0.999740422 -0.020818103 -0.127171025 -0.999303639 0.008496793 -0.036330938 5.078110695
-0.046867013 0.022291508 0.998652339 2.171949387 0.009243384 0.999717832 -0.021881497 -0.128817350 -0.998858333 0.008205409 -0.047059774 5.076406479
-0.057469249 0.023526933 0.998069942 2.216665506 0.009451597 0.999690294 -0.023020901 -0.130214959 -0.998302460 0.008110362 -0.057673812 5.073641777
-0.066686869 0.024188740 0.997480750 2.261371613 0.010496130 0.999667764 -0.023540054 -0.132000521 -0.997718751 0.008899874 -0.066918612 5.070290565
-0.076644778 0.025550833 0.996731162 2.307112455 0.011732022 0.999625504 -0.024722885 -0.132957101 -0.996989548 0.009798795 -0.076915860 5.067431450
-0.085732698 0.024861543 0.996008098 2.350741148 0.011498293 0.999646723 -0.023962643 -0.135434166 -0.996251941 0.009398012 -0.085988283 5.063216686
-0.094491839 0.024326392 0.995228529 2.395575285 0.012857954 0.999647856 -0.023213623 -0.137153029 -0.995442748 0.010603108 -0.094771266 5.058997154
-0.101724029 0.023545772 0.994534135 2.437967539 0.014576800 0.999647796 -0.022175886 -0.138460249 -0.994706035 0.012241308 -0.102031350 5.054392815
-0.107431650 0.021772901 0.993974209 2.481561899 0.017496875 0.999646723 -0.020006049 -0.140179843 -0.994058669 0.015242160 -0.107774615 5.050071716
-0.110742450 0.020169664 0.993644476 2.522446156 0.020509340 0.999627531 -0.018005330 -0.141739234 -0.993637562 0.018385036 -0.111114860 5.044779778
-0.113895059 0.019061778 0.993309855 2.564717770 0.022297692 0.999613106 -0.016626036 -0.143105596 -0.993242502 0.020254893 -0.114276052 5.040230751
-0.114942670 0.018087313 0.993207455 2.603807688 0.022346128 0.999628305 -0.015618153 -0.144492567 -0.993120730 0.020399150 -0.115304112 5.035287857
-0.115787983 0.018792106 0.993096232 2.642935991 0.023456929 0.999593914 -0.016180150 -0.145570740 -0.992996991 0.021421522 -0.116181731 5.030968666
-0.115052700 0.019604467 0.993165970 2.681872129 0.023740239 0.999573946 -0.016980784 -0.147015706 -0.993075728 0.021624314 -0.115469098 5.027058125
-0.112123728 0.021599555 0.993459404 2.718188286 0.025643988 0.999493659 -0.018836521 -0.148084223 -0.993363261 0.023364240 -0.112620831 5.022690773
-0.107055306 0.021899261 0.994011939 2.754338503 0.025411867 0.999491096 -0.019283110 -0.149553984 -0.993928313 0.023195339 -0.107557297 5.019076347
-0.099088430 0.022682417 0.994820058 2.789016485 0.024660747 0.999489069 -0.020332554 -0.150965258 -0.994773030 0.022518285 -0.099597216 5.016025543
-0.087795734 0.022693038 0.995880127 2.822861433 0.024027832 0.999497831 -0.020657212 -0.152218506 -0.995848775 0.022115225 -0.088296890 5.013304710
-0.074360251 0.023026859 0.996965647 2.855869532 0.023128929 0.999504268 -0.021360390 -0.153527349 -0.996963263 0.021470385 -0.074855924 5.011703491
-0.057160139 0.024080291 0.998074651 2.886593580 0.021735393 0.999502122 -0.022869941 -0.155093461 -0.998128474 0.020386295 -0.057655096 5.010711193
-0.035766959 0.026810484 0.999000490 2.918032646 0.020067101 0.999457777 -0.026104303 -0.156306744 -0.999158680 0.019113375 -0.036285520 5.010528564
-0.011395693 0.029584149 0.999497414 2.947704792 0.018172657 0.999403298 -0.029374171 -0.157798022 -0.999769986 0.017828783 -0.011926532 5.011161804
0.017311275 0.031734485 0.999346554 2.977961779 0.016741587 0.999346852 -0.032024510 -0.158662155 -0.999710143 0.017285034 0.016768634 5.012514114
0.050882757 0.031504571 0.998207629 3.008301258 0.014738525 0.999369800 -0.032292537 -0.159861624 -0.998595953 0.016355246 0.050386369 5.014722824
0.088454545 0.028489072 0.995672703 3.036950588 0.013359495 0.999467075 -0.029784482 -0.161444679 -0.995990634 0.015936257 0.088026762 5.018874168
0.130894065 0.024836488 0.991085351 3.065842390 0.010867316 0.999590158 -0.026484884 -0.162970424 -0.991336882 0.014237154 0.130570531 5.023509979
0.176069438 0.020314081 0.984168231 3.093819618 0.008267038 0.999721289 -0.022114102 -0.164261013 -0.984343112 0.012029775 0.175852418 5.030137062
0.224249601 0.017055176 0.974382579 3.122681856 0.003804338 0.999823928 -0.018376045 -0.165307492 -0.974524438 0.007827704 0.224145234 5.038739204
0.276315749 0.015518866 0.960941672 3.148470402 -0.000063366 0.999869883 -0.016129324 -0.166314557 -0.961066961 0.004395895 0.276280761 5.047513962
0.330704868 0.015457706 0.943607628 3.175083876 -0.000834904 0.999870241 -0.016086765 -0.167011812 -0.943733871 0.004532150 0.330674887 5.058833122
0.388330162 0.015555407 0.921389043 3.200029373 0.001150326 0.999848545 -0.017364824 -0.168068126 -0.921519578 0.007803184 0.388253450 5.071309566
0.447800100 0.019013910 0.893931508 3.223438263 0.002213352 0.999747217 -0.022373348 -0.168906987 -0.894130945 0.011997372 0.447644830 5.085416317
0.507231832 0.022533320 0.861515045 3.245818615 0.003000321 0.999605894 -0.027911643 -0.169930771 -0.861804426 0.016742496 0.506964326 5.100891113
0.565413952 0.027470108 0.824349761 3.266805172 -0.001406864 0.999475896 -0.032340948 -0.170418084 -0.824806154 0.017126277 0.565156281 5.117952824
0.621381700 0.029805195 0.782940924 3.286554813 -0.005172799 0.999410450 -0.033940420 -0.171761006 -0.783490956 0.017039960 0.621169567 5.136567116
0.673376083 0.030452685 0.738672674 3.304615021 -0.006580778 0.999358594 -0.035200734 -0.172844857 -0.739270806 0.018842293 0.673144579 5.156674862
0.722099900 0.028135400 0.691216469 3.321136475 -0.006646222 0.999408662 -0.033736940 -0.174094632 -0.691756904 0.019767463 0.721859872 5.177621365
0.767244697 0.024792105 0.640875161 3.336449385 -0.008457650 0.999556780 -0.028542269 -0.174928680 -0.641298771 0.016478606 0.767114341 5.199902534
0.809067905 0.018449720 0.587425530 3.351135492 -0.007848473 0.999757171 -0.020590343 -0.176092759 -0.587662756 0.012048592 0.809016287 5.223165512
0.845897853 0.016491223 0.533089876 3.363900900 -0.010253574 0.999839962 -0.014660018 -0.176401958 -0.533246338 0.006934801 0.845931590 5.247741222
0.877097368 0.012795210 0.480142117 3.374862671 -0.010601060 0.999917269 -0.007281156 -0.177125350 -0.480195582 0.001296267 0.877160490 5.272893906
0.902848959 0.013266292 0.429753155 3.384615183 -0.013995637 0.999900997 -0.001463706 -0.177951381 -0.429730028 -0.004693164 0.902945220 5.298990726
0.923249364 0.014927780 0.383911133 3.393391371 -0.017010737 0.999853253 0.002030581 -0.178478703 -0.383824468 -0.008405344 0.923367798 5.325564384
0.938566029 0.021009613 0.344459593 3.400704622 -0.024127847 0.999697506 0.004767818 -0.178838596 -0.344255239 -0.012785980 0.938789070 5.353492737
0.950652361 0.024911178 0.309256434 3.407787800 -0.027422614 0.999616802 0.003775966 -0.178819910 -0.309043854 -0.012070250 0.950971186 5.381269455
0.960046887 0.026977671 0.278535753 3.414556503 -0.029218020 0.999565482 0.003894364 -0.178801909 -0.278309643 -0.011877034 0.960417986 5.409807205
0.966280341 0.021357369 0.256605148 3.421823025 -0.023168327 0.999723434 0.004035916 -0.178960353 -0.256447971 -0.009844937 0.966507912 5.438528538
0.970364690 0.018241879 0.240955502 3.428795576 -0.019985441 0.999788761 0.004793997 -0.179438621 -0.240817159 -0.009467527 0.970524311 5.468168259
0.973355711 0.022200447 0.228223056 3.434984684 -0.023823623 0.999706686 0.004359442 -0.179376259 -0.228059337 -0.009680388 0.973599136 5.498651505
0.975395262 0.027784549 0.218705624 3.440850973 -0.029532017 0.999552667 0.004724474 -0.179156795 -0.218476534 -0.011067047 0.975779474 5.529828072
0.976462543 0.035526931 0.212740898 3.446754217 -0.037103184 0.999305606 0.003420169 -0.179054812 -0.212471664 -0.011233033 0.977102637 5.561471939
0.976892591 0.041025512 0.209756345 3.452892065 -0.041896235 0.999121904 -0.000292545 -0.179013819 -0.209584162 -0.008502216 0.977753639 5.593748093
0.976962388 0.042567592 0.209123269 3.459594250 -0.042994700 0.999072134 -0.002505184 -0.179858863 -0.209035873 -0.006543722 0.977886081 5.626726151
0.976491928 0.041155946 0.211588442 3.466958523 -0.040756829 0.999149561 -0.006249059 -0.180256516 -0.211665675 -0.002521517 0.977338850 5.660408974
0.975651681 0.039664224 0.215709373 3.474435329 -0.037788238 0.999203563 -0.012815753 -0.180575833 -0.216045901 0.004352435 0.976373494 5.694637299
0.974755406 0.039916873 0.219678164 3.482555151 -0.036962312 0.999162614 -0.017544901 -0.180799037 -0.220194548 0.008982176 0.975414634 5.729262829
0.973578215 0.044765051 0.223922983 3.490544558 -0.042011570 0.998971641 -0.017048124 -0.181598797 -0.224455878 0.007190327 0.974457741 5.764749527
0.972113609 0.048031233 0.229539037 3.498675585 -0.046251208 0.998843551 -0.013131795 -0.182191879 -0.229904309 0.002149140 0.973210871 5.801546097
0.971058309 0.045222580 0.234522194 3.507657051 -0.044475816 0.998974502 -0.008475089 -0.183033884 -0.234664962 -0.002200760 0.972073793 5.839023590
0.970300257 0.040695913 0.238455981 3.517246246 -0.041171610 0.999147594 -0.002987553 -0.183479249 -0.238374323 -0.006918794 0.971148729 5.877291203
0.969448090 0.038392026 0.242273465 3.527438402 -0.040009912 0.999197721 0.001759617 -0.184156477 -0.242011532 -0.011399196 0.970206439 5.917744637
0.968908191 0.033475269 0.245145619 3.536968470 -0.035146542 0.999379158 0.002444614 -0.184500322 -0.244911596 -0.010984628 0.969483197 5.955009460
0.968958139 0.030359559 0.245353624 3.547701597 -0.031015584 0.999518216 -0.001190639 -0.184671611 -0.245271564 -0.006456106 0.969432950 5.995827675
0.969148099 0.029479071 0.244709924 3.557767868 -0.028478231 0.999565303 -0.007627944 -0.185374856 -0.244828418 0.000423702 0.969566345 6.033818245
0.969314694 0.032134809 0.243713692 3.568275452 -0.029470908 0.999459445 -0.014569781 -0.185835272 -0.244050160 0.006940240 0.969737768 6.076652527
0.969824314 0.035162371 0.241255835 3.577349663 -0.031744804 0.999333203 -0.018039120 -0.186453000 -0.241729274 0.009836159 0.970293880 6.115805626
0.970397472 0.033873409 0.239126280 3.587387085 -0.031489700 0.999409020 -0.013782947 -0.187044531 -0.239451841 0.005844923 0.970890641 6.158475399
0.970866740 0.029621346 0.237782225 3.598242521 -0.029008290 0.999560714 -0.006077620 -0.187944636 -0.237857789 -0.000997097 0.971299469 6.202447414
0.971396148 0.030164061 0.235541135 3.609237909 -0.030944603 0.999521017 -0.000382716 -0.188703924 -0.235439867 -0.006916957 0.971864283 6.248777390
0.971753299 0.033014916 0.233678296 3.618751526 -0.033765666 0.999429464 -0.000788194 -0.189529642 -0.233571008 -0.007124373 0.972313643 6.290981293
0.971963465 0.039508168 0.231789038 3.628657818 -0.039316006 0.999211967 -0.005450272 -0.189822167 -0.231821716 -0.003815555 0.972750783 6.337861538
0.972873807 0.039921220 0.227865830 3.638379097 -0.038468949 0.999201298 -0.010812948 -0.190328017 -0.228115499 0.001753876 0.973632514 6.381128788
0.973906338 0.038691461 0.223627746 3.649176121 -0.036563475 0.999238074 -0.013650296 -0.191016361 -0.223985508 0.005117504 0.974579036 6.429021358
0.974864662 0.036066484 0.219859198 3.659711838 -0.034211669 0.999339640 -0.012239283 -0.191853702 -0.220155448 0.004409895 0.975454807 6.474552155
0.975691140 0.032303136 0.216756269 3.670649052 -0.030787811 0.999472201 -0.010365064 -0.192544699 -0.216976687 0.003439651 0.976170719 6.524794102
0.976178586 0.031166835 0.214718431 3.680831432 -0.030300476 0.999513984 -0.007325930 -0.193816304 -0.214842409 0.000645346 0.976648510 6.570307732
0.976560593 0.028024053 0.213410661 3.692240715 -0.027622931 0.999606609 -0.004861816 -0.194669515 -0.213462949 -0.001147170 0.976950467 6.621483326
0.976775885 0.022730837 0.213054374 3.702604294 -0.022447219 0.999741018 -0.003750441 -0.195120826 -0.213084444 -0.001119138 0.977033138 6.668493748
0.976917624 0.023007579 0.212373644 3.713076353 -0.023009693 0.999732196 -0.002461901 -0.195632920 -0.212373406 -0.002481577 0.977185428 6.720409870
0.976622641 0.028689941 0.213037834 3.723328590 -0.028447662 0.999586463 -0.004203220 -0.196390122 -0.213070318 -0.001955468 0.977034926 6.768316269
0.976265609 0.034338437 0.213837102 3.733642101 -0.033394340 0.999410033 -0.008026807 -0.196769878 -0.213986561 0.000695347 0.976836383 6.821341991
0.975869238 0.043410376 0.213997185 3.744278669 -0.042484939 0.999057233 -0.008923983 -0.198010057 -0.214182824 -0.000383017 0.976793528 6.868431568
0.974935353 0.049285214 0.216961011 3.755280256 -0.048545081 0.998782754 -0.008743072 -0.198599219 -0.217127815 -0.002008460 0.976141095 6.921710014
0.974099815 0.052047402 0.220046774 3.765325785 -0.051890627 0.998631656 -0.006496490 -0.199805528 -0.220083788 -0.005090136 0.975467682 6.970522404
0.973511934 0.052596118 0.222504407 3.777434349 -0.052264348 0.998605967 -0.007383370 -0.200602874 -0.222582579 -0.004441248 0.974903703 7.023577213
0.973213971 0.050866880 0.224203378 3.788639069 -0.049818959 0.998704791 -0.010332095 -0.201369524 -0.224438548 -0.001114239 0.974487603 7.072374344
0.973235786 0.044797983 0.225400195 3.801608801 -0.043964785 0.998995066 -0.008717224 -0.202853978 -0.225564197 -0.001425757 0.974227250 7.126557350
0.973487496 0.037835792 0.225589380 3.813193560 -0.036422022 0.999282122 -0.010427119 -0.203739390 -0.225821957 0.001934249 0.974166691 7.174085617
0.973223805 0.036972422 0.226866752 3.826087713 -0.035457194 0.999313354 -0.010751911 -0.204690814 -0.227108508 0.002419959 0.973866463 7.229608059
0.972748399 0.039481029 0.228477120 3.836712599 -0.038754087 0.999219358 -0.007669182 -0.205853522 -0.228601545 -0.001394237 0.973519087 7.275812149
0.972367287 0.041767519 0.229689658 3.849030495 -0.042527702 0.999093950 -0.001641915 -0.207130119 -0.229550123 -0.008171627 0.973262548 7.329587936
0.971954346 0.045264218 0.230772436 3.859822273 -0.047126137 0.998885691 0.002559542 -0.207970172 -0.230399415 -0.013363170 0.973004401 7.378006458
0.971708179 0.044656072 0.231924683 3.872115850 -0.044914763 0.998982131 -0.004167611 -0.208713710 -0.231874719 -0.006367141 0.972724795 7.431150913
0.972019017 0.040335059 0.231413260 3.883646965 -0.037052512 0.999141753 -0.018515347 -0.209906682 -0.231961489 0.009422828 0.972679317 7.477368355
0.972305655 0.037967209 0.230608329 3.896802425 -0.032512181 0.999095380 -0.027410479 -0.211097330 -0.231440425 0.019153785 0.972660542 7.530751228
0.972582400 0.035405096 0.229847685 3.907798529 -0.031990021 0.999315679 -0.018568534 -0.212143153 -0.230347812 0.010706598 0.973049462 7.577061176
0.972999096 0.028168777 0.229083687 3.920641184 -0.029504513 0.999561727 0.002407125 -0.213558137 -0.228915483 -0.009101133 0.973403752 7.631535530
0.973323882 0.024717078 0.228100255 3.931671143 -0.029463639 0.999413908 0.017426869 -0.214570209 -0.227535829 -0.023682650 0.973481655 7.678470135
